0 0 0 9 2 C 
0 0 1 3 6 M 
0 0 0 3 4 F 
0 0 0 3 12 F 
0 0 1 3 1 F 
0 0 0 5 9 M 
0 0 0 4 1 F 
1 1 1 4 14 M 
0 0 1 3 2 F 
1 1 1 3 8 M 
0 0 0 2 2 C 
0 0 0 6 9 M 
0 0 0 3 2 C 
0 0 0 4 11 M 
0 0 0 5 8 F 
0 0 0 4 7 F 
0 0 0 6 5 F 
0 0 0 2 10 M 
0 0 0 5 11 C 
0 0 0 3 3 M 
0 1 1 4 10 F 
0 0 0 4 9 M 
0 0 0 4 3 C 
0 0 0 2 13 M 
0 1 1 4 8 M 
0 1 1 2 6 M 
0 0 0 5 1 M 
0 0 0 3 14 C 
0 0 0 4 11 C 
0 0 0 3 9 F 
0 0 0 3 1 C 
0 0 0 2 11 M 
0 0 1 3 2 M 
0 1 1 3 9 M 
0 0 1 3 9 F 
0 0 0 4 6 F 
1 1 1 4 2 C 
0 0 0 6 3 F 
1 1 1 3 9 C 
0 0 0 3 3 F 
0 0 0 2 5 F 
0 0 0 6 9 C 
0 0 0 3 1 F 
0 0 0 5 5 C 
0 1 1 4 9 F 
0 0 0 3 12 M 
0 0 0 2 4 F 
0 0 0 5 5 C 
0 0 0 5 8 C 
0 0 0 5 6 C 
0 0 0 2 7 F 
0 0 1 2 12 F 
0 0 0 5 8 M 
1 1 1 5 1 M 
0 0 0 5 2 F 
0 0 0 3 10 M 
0 0 0 4 4 M 
0 0 0 3 8 C 
0 0 0 5 2 C 
0 0 0 5 8 C 
0 0 0 5 6 F 
0 0 0 3 12 M 
0 0 0 4 5 M 
0 0 0 3 12 F 
0 0 0 5 10 C 
0 0 0 6 3 C 
0 0 0 3 11 M 
0 0 0 3 7 M 
0 0 0 7 4 M 
0 0 0 3 5 M 
0 0 0 4 8 C 
0 0 0 3 2 F 
0 0 0 5 3 C 
0 0 0 3 3 C 
0 0 0 3 8 F 
0 0 0 4 2 C 
1 1 1 4 5 M 
0 0 0 3 7 F 
0 0 0 4 5 F 
0 0 0 3 1 F 
0 0 0 6 3 C 
0 1 1 3 3 M 
0 0 0 5 5 M 
0 0 0 3 3 C 
0 1 1 4 1 F 
0 1 1 4 10 M 
0 0 0 4 4 M 
0 0 0 2 2 M 
0 0 0 4 8 F 
0 0 0 4 11 F 
0 0 0 3 12 C 
0 0 1 4 7 F 
0 0 0 3 1 C 
1 1 1 3 8 M 
0 0 0 5 5 F 
0 0 1 3 3 C 
0 0 0 5 4 C 
0 0 0 3 2 C 
0 1 1 3 5 F 
0 1 1 3 10 M 
0 0 0 5 5 F 
0 0 0 4 5 C 
0 0 0 3 10 F 
0 0 0 4 7 F 
0 0 0 3 1 M 
0 0 0 4 10 M 
0 0 1 5 7 M 
1 1 1 3 6 M 
0 0 0 6 11 M 
1 1 1 4 9 C 
0 0 0 3 5 C 
0 0 0 3 8 C 
0 0 1 5 6 M 
0 0 1 3 8 M 
0 0 1 4 12 C 
0 0 1 5 2 C 
0 0 0 2 6 C 
0 1 1 3 8 F 
0 0 0 5 9 F 
0 0 0 4 1 F 
0 0 0 6 7 C 
0 0 0 4 11 F 
1 1 1 5 9 C 
0 0 1 5 6 M 
0 0 0 5 7 C 
0 0 0 7 2 M 
0 0 0 4 12 F 
0 0 0 2 4 M 
1 1 1 4 9 M 
1 1 1 5 3 C 
0 0 0 4 3 F 
0 0 0 3 13 F 
0 0 0 5 10 M 
0 0 0 3 4 C 
0 1 1 3 9 M 
0 0 0 5 6 C 
0 0 0 7 7 C 
0 0 0 4 12 C 
1 1 1 4 10 M 
0 0 0 3 12 F 
0 0 0 8 2 C 
0 0 0 3 8 M 
0 0 0 3 13 M 
0 0 0 3 12 M 
0 0 0 4 1 F 
0 0 0 3 7 F 
0 0 0 5 9 C 
0 0 0 4 4 C 
0 0 0 4 3 C 
0 0 0 4 5 F 
0 0 0 4 11 C 
0 0 1 4 11 M 
0 0 0 5 6 C 
0 0 1 4 5 M 
0 0 0 5 12 F 
0 0 0 5 11 F 
0 0 0 4 10 M 
0 1 1 4 3 F 
0 0 1 3 1 C 
0 0 0 2 2 F 
0 0 0 3 4 M 
0 0 0 4 13 M 
0 0 0 3 9 F 
0 0 0 3 9 F 
0 0 0 4 5 C 
0 0 0 3 6 C 
0 0 0 3 4 F 
0 0 0 5 1 F 
0 0 0 5 4 F 
0 0 0 3 4 M 
0 0 0 3 8 F 
0 0 0 5 3 C 
0 0 0 4 13 F 
0 0 0 3 6 F 
0 1 1 3 12 M 
1 1 1 4 5 F 
0 0 1 3 2 M 
0 1 1 4 4 F 
0 0 0 3 6 C 
0 0 1 3 4 F 
1 1 1 4 10 M 
0 0 0 5 5 F 
0 0 0 4 6 F 
0 0 0 3 7 F 
0 0 0 5 6 F 
0 0 0 3 8 F 
0 0 0 6 3 M 
0 0 0 2 5 F 
0 0 0 2 10 M 
0 0 0 4 1 M 
0 0 0 2 4 M 
0 0 0 2 5 C 
0 0 0 3 5 F 
0 0 0 2 10 F 
0 0 0 2 8 M 
0 0 0 3 7 F 
0 0 0 3 10 M 
0 0 0 3 12 F 
0 0 0 3 6 F 
0 0 0 4 4 F 
0 0 0 4 10 C 
0 0 0 3 9 M 
0 0 0 7 10 M 
0 0 1 4 4 C 
0 0 0 2 9 F 
0 0 0 3 4 C 
0 0 0 3 2 M 
0 0 0 2 12 M 
0 0 0 4 8 F 
0 0 0 4 11 M 
0 0 0 6 6 F 
0 0 0 2 1 M 
0 0 0 3 4 F 
0 0 0 4 6 F 
0 0 0 5 3 C 
0 1 1 4 9 F 
0 0 0 3 14 C 
0 0 0 5 5 F 
0 0 0 3 4 F 
0 0 0 4 5 F 
0 0 0 4 9 M 
0 0 0 3 10 C 
0 1 1 4 1 F 
0 0 0 3 10 M 
0 0 0 3 10 M 
0 0 0 4 11 F 
0 0 0 4 7 C 
0 0 1 3 3 F 
0 0 0 3 4 F 
0 1 1 3 10 F 
0 0 0 5 4 F 
0 0 0 5 4 M 
0 1 1 2 7 C 
0 0 0 3 4 F 
0 0 0 4 12 M 
0 0 0 3 6 C 
0 0 0 4 4 C 
0 0 0 2 7 M 
0 0 0 7 9 M 
1 1 1 3 4 F 
1 1 1 4 10 C 
0 0 0 5 9 F 
1 1 1 3 7 F 
0 0 0 4 1 M 
0 1 1 3 11 F 
0 0 1 5 10 C 
0 0 0 3 12 M 
0 0 0 5 10 C 
0 0 0 4 7 M 
0 0 1 5 12 C 
0 0 0 4 5 M 
0 0 0 4 13 C 
0 0 0 4 3 C 
0 0 0 4 8 C 
1 1 1 3 3 C 
0 0 0 3 1 M 
0 0 0 6 12 C 
0 0 0 3 2 M 
0 0 1 4 12 C 
0 0 0 3 1 F 
0 0 0 3 13 F 
0 0 0 5 5 M 
0 0 0 4 8 M 
0 0 0 2 14 M 
0 0 0 3 11 M 
0 0 0 6 1 M 
0 0 0 5 6 M 
0 1 1 4 5 F 
0 0 0 5 5 F 
0 0 0 3 5 C 
1 1 1 4 3 C 
0 0 0 5 11 F 
0 0 0 3 6 F 
0 0 0 3 6 M 
0 0 0 5 7 F 
0 0 0 2 9 F 
0 0 0 5 13 M 
0 0 0 3 3 F 
0 1 1 4 4 F 
0 0 0 4 7 C 
0 0 0 3 9 F 
0 0 0 3 10 M 
0 1 1 3 2 C 
1 1 1 3 1 M 
0 0 0 3 2 F 
0 0 0 4 7 F 
0 0 0 3 8 M 
0 1 1 3 10 F 
0 0 0 5 12 C 
0 0 0 3 12 F 
0 0 0 5 2 F 
0 0 0 4 13 F 
0 0 0 4 1 C 
0 0 0 2 1 M 
0 0 0 5 9 F 
0 0 0 5 3 C 
0 0 0 2 2 M 
0 0 0 3 1 M 
0 0 1 3 7 C 
0 0 0 5 10 F 
0 0 0 4 10 F 
0 0 0 4 1 C 
1 1 1 3 2 F 
0 1 1 4 3 F 
0 0 0 3 1 F 
1 1 1 3 9 F 
0 0 1 3 8 M 
0 0 0 6 4 F 
0 0 0 4 11 C 
0 0 0 3 1 F 
0 0 1 3 9 C 
0 0 0 6 9 M 
0 0 1 3 7 M 
0 0 0 2 11 F 
0 0 0 4 14 C 
0 0 0 6 5 F 
1 1 1 3 6 F 
0 0 0 4 7 M 
0 0 0 4 10 C 
0 0 0 3 11 F 
0 0 0 4 8 C 
0 1 1 5 6 F 
0 0 0 4 4 F 
0 0 0 3 10 F 
0 0 0 3 7 M 
0 0 0 3 8 F 
0 0 0 4 4 C 
0 0 0 3 5 F 
0 0 0 5 12 F 
0 0 1 4 8 C 
0 0 0 5 7 C 
0 0 0 6 5 C 
0 0 0 4 7 F 
0 0 0 3 9 M 
0 0 0 4 6 M 
0 0 0 4 11 F 
0 0 0 5 7 C 
0 0 1 3 4 M 
0 1 1 3 9 F 
0 0 0 4 3 F 
0 0 0 4 11 M 
0 0 0 3 2 F 
1 1 1 3 8 F 
0 0 0 4 7 C 
0 0 0 3 4 M 
0 0 0 2 5 M 
0 0 0 3 1 F 
0 0 0 3 9 M 
0 0 0 3 10 M 
0 0 0 4 3 M 
0 0 0 4 7 C 
0 0 0 3 9 F 
0 0 0 4 6 M 
0 0 0 3 2 F 
0 0 0 7 10 F 
0 0 0 4 11 C 
0 0 0 5 1 C 
0 0 0 4 6 C 
0 0 1 3 10 F 
0 0 0 4 3 F 
0 0 0 4 9 F 
0 0 1 5 6 F 
0 0 1 5 4 F 
0 0 0 3 4 C 
0 0 0 3 3 M 
0 0 0 3 13 M 
0 0 0 4 10 M 
0 0 0 3 10 M 
0 0 0 6 10 C 
0 0 0 4 5 M 
0 1 1 2 1 M 
0 0 0 5 9 F 
0 1 1 4 2 F 
0 0 0 3 7 F 
0 0 1 3 7 M 
0 0 0 5 6 M 
0 0 0 3 13 C 
0 0 1 4 9 F 
0 0 0 4 4 M 
0 0 0 4 8 F 
0 0 1 2 11 M 
0 0 0 4 8 F 
0 0 0 4 8 C 
0 0 0 3 5 M 
0 0 0 7 3 M 
0 0 0 5 9 F 
0 0 0 2 7 M 
0 0 0 3 6 M 
0 0 0 4 13 M 
1 1 1 5 5 C 
0 0 0 3 1 F 
0 0 0 3 9 M 
0 0 0 3 1 C 
1 1 1 3 8 F 
0 0 0 5 12 C 
0 0 1 6 9 C 
0 0 0 2 10 F 
1 1 1 3 1 F 
0 0 0 4 12 M 
0 0 0 5 9 M 
0 0 0 5 11 C 
1 1 1 2 10 F 
0 0 0 3 3 M 
0 1 1 3 2 F 
0 0 0 4 8 M 
0 0 0 3 5 M 
0 1 1 2 13 M 
0 0 0 4 4 F 
0 1 1 3 4 F 
1 1 1 3 6 F 
0 0 0 4 14 C 
0 0 0 3 1 M 
0 0 0 5 12 F 
0 0 0 9 11 C 
0 0 0 5 13 M 
0 0 0 3 8 F 
0 0 0 3 7 F 
0 1 1 4 13 C 
0 0 0 4 12 F 
0 0 0 3 10 F 
0 0 0 5 11 M 
0 0 0 3 9 M 
1 1 1 3 5 M 
1 1 1 2 1 M 
0 1 1 3 10 F 
0 0 0 3 5 F 
0 0 0 4 4 F 
0 0 0 4 11 M 
0 0 0 2 7 F 
0 0 0 4 14 F 
0 0 0 3 4 M 
1 1 1 4 1 C 
0 1 1 2 2 M 
0 0 0 6 6 F 
0 0 0 2 9 M 
0 0 0 5 14 F 
0 0 0 3 7 M 
0 0 0 3 9 F 
0 0 0 6 4 M 
0 0 0 4 9 F 
0 1 1 6 11 M 
0 0 0 3 12 F 
0 0 0 2 7 F 
0 0 0 4 3 M 
0 0 0 6 5 M 
0 0 0 4 12 M 
0 0 0 3 7 C 
0 0 0 3 3 F 
0 0 0 2 2 M 
0 0 0 3 4 F 
0 1 1 6 6 M 
0 0 1 3 11 C 
0 0 0 3 4 F 
0 0 0 4 6 F 
0 0 0 4 1 F 
0 0 0 4 8 C 
0 0 0 3 13 M 
0 1 1 4 1 M 
1 1 1 4 3 M 
1 1 1 3 8 M 
0 0 0 3 14 F 
0 1 1 4 7 F 
0 0 0 6 5 M 
1 1 1 2 1 F 
0 0 0 3 9 F 
0 0 0 5 3 F 
0 0 0 3 6 F 
0 0 0 6 3 F 
0 0 0 3 12 M 
0 0 0 3 2 F 
0 0 0 6 3 M 
0 0 0 4 12 C 
0 1 1 4 11 F 
0 0 0 4 6 M 
0 0 0 3 5 M 
0 0 1 3 13 M 
0 1 1 4 5 C 
0 1 1 6 12 F 
0 0 0 5 1 F 
0 0 0 3 8 F 
1 1 1 5 12 C 
0 0 1 3 5 F 
0 0 0 3 13 C 
0 0 0 4 13 F 
0 0 0 5 4 F 
1 1 1 2 10 M 
0 0 0 3 12 M 
0 0 0 3 5 F 
0 0 0 3 14 M 
0 0 0 3 13 M 
0 0 0 3 7 C 
0 0 0 4 11 F 
0 0 0 4 7 C 
0 0 0 6 3 M 
0 0 0 3 6 F 
0 0 0 4 10 F 
0 0 0 5 6 F 
0 0 0 2 14 M 
0 0 0 4 6 F 
0 1 1 4 10 F 
0 0 0 3 10 C 
0 0 0 5 10 F 
0 0 0 2 4 M 
0 0 0 3 9 M 
0 0 0 3 11 C 
0 0 0 4 9 C 
0 0 0 4 11 M 
0 0 0 3 8 M 
0 0 0 5 9 F 
0 0 0 4 3 C 
0 1 1 3 7 F 
0 0 0 5 1 M 
0 0 0 3 3 C 
0 0 0 5 8 F 
0 0 0 3 4 C 
1 1 1 3 6 M 
0 0 0 3 11 M 
0 0 0 4 3 M 
1 1 1 3 1 M 
0 1 1 3 11 F 
0 0 0 4 3 F 
0 0 0 3 5 C 
0 0 0 3 10 F 
0 0 0 2 8 M 
0 1 1 4 4 F 
0 1 1 4 6 F 
0 0 0 5 6 M 
0 0 0 5 10 F 
0 1 1 4 8 F 
0 0 0 4 7 C 
1 1 1 3 11 M 
0 0 0 4 1 F 
0 1 1 3 2 M 
0 0 0 3 1 F 
0 0 0 4 3 C 
0 0 0 5 13 F 
0 0 0 2 1 F 
0 0 0 4 1 C 
1 1 1 5 9 C 
0 0 0 3 9 F 
0 0 0 2 5 M 
1 1 1 5 11 F 
0 0 0 4 14 C 
0 0 0 6 14 C 
0 0 0 8 2 M 
0 0 0 5 10 F 
0 0 0 4 2 M 
0 0 0 3 2 F 
0 0 0 2 3 M 
0 0 0 5 7 F 
0 0 0 5 4 M 
0 0 0 5 1 C 
0 0 0 4 7 C 
0 1 1 3 14 F 
0 0 0 3 1 F 
0 0 0 4 10 C 
0 0 0 5 3 M 
0 0 0 4 14 M 
0 0 0 5 6 F 
0 0 0 4 14 C 
0 0 0 3 5 M 
0 0 0 3 12 C 
0 0 0 2 5 M 
0 0 0 3 10 C 
0 0 0 3 9 F 
0 0 0 4 3 C 
0 0 0 3 8 C 
0 0 0 3 2 F 
0 0 0 3 11 F 
1 1 1 4 7 M 
0 1 1 5 7 M 
0 0 0 3 12 M 
1 1 1 3 8 M 
0 0 0 4 10 F 
0 0 0 5 10 F 
0 0 0 2 1 M 
0 0 0 3 7 C 
0 1 1 4 5 F 
0 0 0 6 5 C 
0 0 0 4 9 F 
0 1 1 2 9 M 
0 0 0 5 2 F 
0 0 1 2 6 M 
0 0 0 2 7 M 
1 1 1 3 9 M 
0 0 0 3 7 C 
0 0 0 3 8 C 
1 1 1 3 11 F 
0 0 1 4 8 C 
0 0 0 4 3 M 
0 0 0 5 3 C 
0 0 0 3 7 M 
0 1 1 3 9 M 
0 0 0 3 7 F 
0 1 1 3 1 M 
1 1 1 3 6 C 
0 0 0 6 6 C 
0 0 0 2 5 F 
0 0 0 2 9 M 
0 0 1 4 10 F 
1 1 1 3 2 C 
0 0 0 5 4 F 
0 0 0 3 2 M 
0 0 0 5 10 C 
0 0 0 7 3 M 
0 0 0 4 4 F 
0 0 0 3 5 M 
0 0 1 3 2 F 
0 0 0 5 7 M 
0 0 0 3 11 F 
0 0 0 4 5 C 
0 0 0 4 11 F 
0 0 0 5 9 M 
0 0 0 4 1 F 
0 0 1 5 6 C 
0 0 0 3 1 M 
0 0 0 5 6 F 
0 0 0 4 4 M 
1 1 1 3 8 F 
0 0 0 3 5 F 
0 0 0 3 2 M 
0 0 0 4 9 C 
0 0 0 5 7 C 
0 0 0 4 6 C 
0 0 0 4 3 F 
0 0 0 2 3 F 
0 0 1 5 2 M 
0 0 0 3 8 C 
0 0 0 3 6 C 
0 0 0 3 11 M 
0 0 0 6 6 M 
0 0 0 4 3 F 
0 0 0 4 13 F 
0 1 1 3 8 F 
0 0 0 4 4 F 
0 0 0 3 1 C 
0 0 0 4 11 F 
0 0 0 2 6 F 
0 0 0 5 8 F 
0 0 0 5 2 F 
0 0 0 5 12 C 
0 0 1 4 14 M 
0 0 0 4 10 C 
0 0 0 3 3 F 
0 0 1 3 5 F 
0 0 0 4 2 M 
0 0 0 5 1 M 
0 0 0 4 2 F 
0 0 1 4 4 C 
0 0 0 3 12 F 
0 0 0 3 10 F 
0 0 0 3 4 F 
0 0 0 4 8 F 
0 0 0 4 5 F 
0 0 0 5 4 M 
0 0 1 4 7 F 
0 0 0 5 2 M 
0 0 0 4 7 F 
0 1 1 4 5 C 
0 0 0 6 5 C 
0 0 0 4 14 C 
0 0 0 4 1 M 
0 0 0 2 3 M 
1 1 1 3 11 F 
0 0 0 4 10 F 
0 0 0 5 3 F 
0 0 0 4 12 M 
0 0 0 3 2 M 
0 0 1 3 3 C 
0 1 1 4 8 M 
0 0 0 4 9 C 
0 0 0 5 3 M 
0 0 0 4 1 M 
0 0 0 4 3 C 
0 0 0 4 2 F 
0 0 0 7 3 F 
0 1 1 4 7 F 
0 0 0 3 2 M 
0 0 0 3 12 F 
0 0 0 3 5 M 
1 1 1 3 4 C 
0 0 1 4 1 C 
1 1 1 3 5 F 
0 0 0 6 8 M 
0 0 0 3 2 M 
0 0 0 4 10 M 
0 0 1 3 4 M 
0 0 0 5 12 M 
1 1 1 4 7 F 
0 0 0 6 1 F 
0 0 0 6 11 F 
0 0 0 2 5 F 
0 0 1 4 7 C 
0 0 0 3 3 M 
0 0 0 5 11 M 
0 0 0 4 4 M 
0 0 0 3 9 F 
0 0 0 4 9 C 
0 1 1 5 11 F 
0 0 0 4 10 M 
0 0 0 4 12 F 
0 0 0 3 6 M 
0 0 0 3 9 F 
0 0 0 6 5 F 
0 0 0 2 5 M 
0 0 1 4 8 C 
0 0 0 3 12 F 
0 0 0 4 2 F 
0 0 0 5 5 C 
0 1 1 3 10 M 
0 0 0 3 9 M 
0 0 0 3 2 F 
0 0 0 3 10 F 
0 0 0 2 10 M 
0 0 0 3 8 F 
0 0 0 3 7 F 
0 0 1 3 3 C 
0 0 0 3 7 C 
0 0 0 3 3 C 
1 1 1 3 11 C 
0 0 0 3 6 C 
0 0 0 2 6 F 
0 0 0 2 2 M 
0 0 0 5 2 M 
0 0 0 3 12 F 
0 0 1 5 9 F 
0 0 0 4 9 F 
0 0 0 3 11 F 
0 0 0 4 12 M 
0 0 0 3 9 F 
0 0 0 2 11 M 
0 0 0 3 9 C 
0 0 0 3 10 M 
0 0 1 3 5 M 
0 0 1 2 11 M 
0 0 1 4 12 C 
0 0 0 3 3 F 
0 0 0 4 12 F 
0 0 0 3 1 M 
0 0 0 3 8 F 
0 0 0 2 6 F 
0 0 0 5 4 F 
0 0 0 7 13 C 
0 0 0 4 10 F 
0 0 0 4 3 F 
0 0 0 4 10 M 
0 0 1 3 3 F 
0 0 0 4 14 M 
1 1 1 4 11 F 
0 0 0 5 5 M 
0 0 0 4 8 M 
0 0 1 3 2 F 
0 0 0 7 3 F 
0 0 0 3 3 F 
0 0 0 2 7 M 
0 0 0 3 8 M 
0 0 0 6 2 M 
0 0 0 5 6 C 
0 0 0 3 4 M 
0 0 0 5 8 C 
0 0 0 2 14 F 
0 0 1 3 2 M 
0 0 0 5 2 F 
0 0 0 3 9 C 
0 0 0 3 10 M 
0 0 0 5 13 F 
0 0 0 5 8 C 
0 0 0 3 14 F 
0 0 0 3 6 M 
0 0 0 3 5 F 
0 0 0 4 9 C 
0 0 0 3 14 F 
0 0 0 5 8 C 
0 0 0 3 1 M 
0 1 1 5 5 M 
0 0 0 4 8 C 
0 0 0 4 7 F 
0 0 0 3 11 F 
0 0 0 5 7 F 
0 0 0 7 3 F 
0 0 0 4 2 C 
0 0 0 3 1 M 
0 0 0 4 10 M 
0 0 0 5 4 F 
0 0 0 6 11 F 
0 0 0 3 9 C 
0 0 0 3 10 M 
0 0 0 5 1 M 
0 0 0 6 10 M 
0 0 1 3 5 C 
0 0 0 2 13 F 
0 0 0 5 12 F 
0 0 0 5 5 M 
0 0 0 4 11 F 
0 0 0 2 4 M 
0 0 0 4 5 F 
0 0 1 3 2 F 
0 0 0 3 7 F 
0 0 0 3 11 F 
0 0 0 3 7 M 
0 0 0 5 4 C 
0 0 0 4 1 F 
1 1 1 4 13 M 
0 0 0 4 4 F 
0 0 0 3 8 M 
1 1 1 2 10 M 
0 0 0 3 7 M 
0 0 0 3 14 M 
0 0 0 6 14 F 
0 0 0 3 12 F 
0 0 0 5 9 M 
0 1 1 4 5 C 
0 0 0 5 2 M 
0 0 0 2 5 F 
1 1 1 2 5 F 
0 0 0 2 9 M 
0 1 1 5 4 C 
0 0 0 4 12 F 
0 0 0 3 3 M 
0 0 0 3 5 F 
1 1 1 4 1 M 
0 0 0 4 12 C 
0 0 0 3 6 M 
0 0 0 4 4 F 
0 0 0 4 2 C 
0 0 0 3 2 F 
0 1 1 4 9 F 
1 1 1 4 9 F 
0 0 0 4 4 C 
0 0 0 2 8 M 
0 0 0 3 5 F 
0 0 0 5 3 M 
0 0 0 4 7 C 
0 0 0 2 8 F 
0 0 0 3 11 M 
0 0 0 3 2 F 
0 0 0 10 3 C 
0 0 0 4 2 F 
0 0 0 3 9 M 
0 0 0 4 3 M 
0 0 0 8 4 C 
0 0 0 3 1 F 
0 1 1 5 1 M 
0 1 1 4 6 M 
0 0 0 3 8 M 
1 1 1 3 10 C 
0 0 1 5 11 C 
0 0 0 2 2 M 
0 0 0 3 2 M 
0 0 0 4 8 C 
0 0 0 4 2 F 
0 0 1 4 1 M 
0 0 0 3 4 M 
0 0 0 4 7 C 
0 0 0 5 3 M 
0 0 0 3 5 F 
0 0 1 3 2 F 
0 0 0 5 3 C 
0 0 0 3 7 M 
0 0 0 4 5 M 
0 0 0 2 6 F 
0 0 1 4 13 F 
0 0 0 4 8 M 
0 1 1 3 1 M 
0 0 0 3 12 F 
0 0 0 4 10 M 
0 0 0 4 3 C 
0 0 0 3 4 M 
0 0 0 5 7 M 
0 0 0 2 3 M 
0 0 0 4 10 M 
0 0 1 4 5 C 
0 0 0 4 4 F 
0 0 0 4 3 F 
0 0 0 3 13 C 
0 0 0 4 1 F 
0 0 0 3 11 F 
1 1 1 2 7 F 
0 0 0 4 8 F 
0 0 0 4 2 F 
0 0 0 3 3 C 
0 0 0 4 10 M 
0 0 0 4 8 F 
0 0 0 4 6 M 
0 0 0 2 12 F 
0 0 0 4 5 C 
0 0 0 2 10 M 
0 0 0 4 10 F 
0 0 0 5 6 F 
0 1 1 2 9 M 
0 0 0 5 7 C 
0 0 0 2 8 M 
1 1 1 4 4 F 
0 1 1 5 10 C 
0 0 0 3 4 C 
1 1 1 3 9 M 
0 0 0 3 7 F 
0 0 0 3 11 M 
0 0 0 3 8 M 
0 0 0 4 7 C 
0 0 0 5 6 F 
0 0 0 4 8 C 
0 0 0 3 1 M 
0 0 0 3 2 F 
0 0 0 2 4 F 
0 0 0 4 1 C 
0 0 1 3 6 F 
1 1 1 3 11 F 
0 0 0 3 1 M 
0 0 0 3 4 M 
0 0 0 3 2 F 
0 0 1 4 10 M 
0 0 0 6 4 M 
0 0 0 3 3 F 
0 0 0 4 2 F 
0 1 1 2 5 M 
0 0 1 5 1 F 
0 0 0 2 10 M 
1 1 1 3 3 C 
0 0 0 3 9 M 
0 0 0 2 11 F 
0 0 0 4 13 F 
0 0 0 2 7 F 
1 1 1 4 13 M 
0 1 1 5 2 F 
1 1 1 4 8 C 
0 0 0 4 9 M 
0 0 0 3 3 M 
0 0 0 3 3 C 
0 0 0 4 2 F 
0 0 0 3 4 F 
0 0 0 2 8 F 
1 1 1 4 9 C 
0 0 0 2 8 M 
0 0 0 2 13 M 
0 0 0 4 12 C 
0 0 0 6 2 C 
0 0 0 3 7 F 
0 0 0 4 1 F 
0 0 0 2 7 F 
0 0 0 5 4 M 
0 0 0 3 3 F 
0 0 0 4 6 M 
0 1 1 3 3 M 
0 0 0 3 6 C 
0 0 0 3 1 F 
0 0 0 4 10 F 
0 0 0 3 14 F 
0 0 0 4 11 F 
0 0 0 4 3 M 
0 0 0 3 5 M 
0 0 0 3 1 F 
0 0 0 3 1 F 
0 0 0 4 4 F 
0 0 0 3 14 M 
0 0 0 3 11 M 
0 0 0 2 14 F 
0 0 0 3 7 F 
0 0 0 4 12 F 
1 1 1 3 9 M 
1 1 1 3 2 M 
0 0 1 3 8 F 
0 0 0 3 12 F 
1 1 1 2 7 M 
0 0 0 3 10 M 
0 0 0 3 10 F 
0 1 1 4 7 C 
0 0 0 5 10 C 
0 0 0 3 6 M 
0 0 0 3 11 F 
0 0 0 2 4 F 
0 0 0 2 2 F 
0 0 0 5 7 F 
0 0 0 5 6 F 
0 0 0 4 14 C 
0 1 1 3 13 M 
0 0 0 3 11 F 
0 0 0 2 9 F 
0 0 0 3 10 C 
0 0 0 3 3 C 
0 0 0 3 4 F 
0 0 0 3 6 F 
0 1 1 6 6 F 
1 1 1 3 4 C 
0 1 1 3 8 F 
0 1 1 2 11 F 
0 0 0 3 9 M 
0 0 0 3 11 F 
0 0 0 6 2 C 
0 0 0 3 9 F 
0 0 0 5 1 C 
0 0 0 4 7 C 
0 0 1 5 9 C 
0 1 1 4 10 C 
0 0 0 2 2 M 
0 0 0 3 11 C 
0 0 0 3 6 M 
0 0 0 4 7 F 
0 1 1 3 6 M 
0 0 0 4 5 M 
0 0 0 4 12 M 
0 0 0 5 10 F 
0 0 0 3 6 M 
0 0 0 4 12 C 
0 0 0 3 4 C 
0 1 1 4 5 M 
0 0 0 3 10 M 
0 0 0 4 6 C 
0 0 0 3 6 M 
0 1 1 4 10 M 
0 0 1 3 1 M 
0 0 0 3 9 C 
0 0 0 3 10 C 
0 0 0 4 11 M 
0 0 0 4 5 M 
0 0 0 5 9 M 
0 0 0 5 5 C 
0 0 0 3 1 F 
0 0 1 5 3 C 
0 0 0 3 8 F 
0 0 0 4 12 F 
0 0 0 5 3 M 
0 0 0 2 4 C 
0 0 0 4 3 F 
0 0 1 3 4 M 
0 0 0 3 11 C 
0 1 1 3 1 M 
0 0 0 3 11 F 
0 0 0 3 3 C 
1 1 1 3 2 F 
0 1 1 6 2 F 
0 0 0 6 1 C 
0 0 1 3 8 C 
0 0 0 5 1 M 
0 0 0 7 12 F 
0 0 1 3 11 M 
0 0 0 2 13 M 
0 0 0 4 3 M 
0 0 0 3 9 M 
0 0 0 5 14 M 
0 0 0 3 10 F 
0 0 0 4 1 C 
0 1 1 4 7 F 
0 0 0 5 2 F 
1 1 1 5 7 F 
0 0 0 2 6 F 
0 0 0 4 5 F 
0 1 1 4 1 C 
0 0 0 3 4 F 
0 0 0 4 5 C 
0 0 0 5 4 M 
0 0 0 2 12 M 
0 1 1 3 8 C 
0 0 0 3 12 M 
0 1 1 3 2 M 
0 1 1 3 4 M 
0 0 0 6 3 M 
0 0 0 4 4 F 
0 0 0 4 3 C 
0 0 0 3 1 F 
0 0 0 4 2 F 
0 0 0 2 5 F 
0 0 0 3 10 F 
0 0 0 5 6 M 
0 0 0 5 1 C 
0 0 1 3 8 F 
0 0 0 3 4 C 
0 0 0 5 6 F 
0 0 0 5 11 F 
0 0 0 4 7 M 
0 0 1 3 4 F 
0 0 0 5 14 M 
0 0 0 5 7 F 
0 0 0 3 13 F 
0 0 1 2 5 M 
0 0 0 5 7 C 
0 1 1 3 14 M 
0 0 1 4 11 M 
1 1 1 3 8 C 
0 0 1 4 2 C 
0 1 1 3 8 M 
0 0 0 5 3 F 
0 0 0 4 6 F 
0 0 0 4 11 C 
0 0 1 3 10 F 
0 0 1 4 9 C 
0 0 0 4 1 M 
0 0 0 3 1 F 
0 0 1 3 11 F 
0 0 0 4 11 F 
0 0 0 4 5 C 
0 0 0 3 4 C 
1 1 1 3 9 C 
1 1 1 5 2 F 
0 0 0 6 1 C 
0 0 0 3 11 C 
0 0 0 4 3 F 
0 0 0 3 10 M 
0 0 0 3 7 M 
0 0 0 5 8 C 
0 0 0 3 4 F 
0 0 0 4 6 F 
0 0 0 4 1 M 
0 0 0 4 4 C 
0 0 0 2 4 M 
0 0 0 5 7 M 
0 0 0 3 8 F 
0 0 0 4 12 C 
0 0 0 3 4 F 
0 0 0 5 3 F 
0 0 1 4 1 F 
0 0 0 3 3 F 
0 0 0 3 11 C 
0 0 0 3 6 F 
0 0 0 5 11 F 
0 0 0 3 8 C 
0 0 0 5 8 F 
0 0 0 3 3 M 
0 0 1 5 6 F 
0 0 0 2 9 F 
0 0 0 3 7 F 
0 1 1 5 6 M 
1 1 1 3 2 F 
0 0 0 3 12 M 
0 0 0 3 10 C 
0 0 0 3 5 M 
0 0 1 3 9 F 
0 1 1 2 6 F 
0 0 0 4 1 C 
0 0 0 5 4 M 
1 1 1 4 6 M 
0 0 0 4 10 F 
0 0 0 3 5 F 
0 0 0 5 14 F 
0 0 0 3 7 F 
0 0 0 3 7 F 
0 0 0 3 10 F 
0 0 0 4 6 F 
0 0 0 4 2 C 
0 0 0 3 5 F 
0 0 0 4 9 F 
0 0 0 5 13 F 
0 0 0 4 7 C 
0 0 1 4 10 F 
0 0 0 4 7 M 
0 0 0 3 11 M 
0 0 0 3 8 F 
0 0 0 3 5 M 
0 0 0 4 5 M 
0 0 0 3 10 M 
0 0 0 3 7 F 
0 0 0 4 5 C 
0 0 0 4 10 F 
0 0 0 3 12 F 
0 0 0 4 8 C 
0 0 0 5 2 C 
1 1 1 4 2 M 
0 0 0 4 6 F 
0 0 0 3 10 C 
0 0 0 5 8 F 
0 0 0 3 4 F 
0 0 0 5 1 C 
0 0 0 5 9 F 
0 0 0 3 5 F 
0 0 0 4 14 F 
0 1 1 3 1 M 
0 0 0 2 7 M 
0 0 0 3 6 M 
0 0 0 4 7 M 
0 0 0 3 8 F 
0 0 0 4 8 C 
0 0 0 2 12 M 
0 0 0 5 2 C 
0 0 0 2 2 M 
0 0 0 4 8 M 
0 0 0 2 1 M 
0 0 0 6 9 C 
0 0 0 3 3 C 
0 0 0 5 12 F 
0 0 0 4 4 M 
0 0 0 4 6 F 
0 0 0 3 11 M 
0 0 1 3 9 F 
0 0 0 2 8 M 
0 0 0 4 8 F 
0 0 0 4 12 F 
0 0 0 4 6 M 
0 0 0 3 12 M 
0 0 0 5 1 C 
0 0 0 3 1 M 
0 0 0 3 4 M 
0 0 0 4 7 M 
0 0 1 4 14 F 
0 0 0 3 9 F 
0 0 0 2 11 F 
0 0 0 4 2 F 
0 0 0 4 1 M 
1 1 1 3 6 C 
0 0 0 4 5 F 
0 0 0 3 12 M 
0 1 1 2 9 M 
0 0 0 4 5 M 
0 0 0 2 14 F 
0 0 1 3 3 C 
0 0 0 3 5 F 
1 1 1 2 6 F 
0 0 0 4 10 C 
0 0 0 4 3 M 
0 0 0 5 3 M 
0 0 0 4 9 M 
0 0 1 3 7 F 
1 1 1 4 2 M 
0 1 1 4 11 M 
0 0 0 2 1 M 
1 1 1 4 4 F 
0 0 0 4 9 F 
0 1 1 3 4 M 
0 0 0 3 7 M 
0 1 1 3 11 M 
0 0 0 5 2 C 
0 0 0 3 6 M 
0 0 0 4 7 C 
1 1 1 3 9 F 
0 0 1 4 7 F 
0 0 0 4 12 F 
0 0 0 3 10 F 
0 0 0 2 2 F 
0 0 1 4 10 C 
0 1 1 4 1 C 
0 0 0 2 9 M 
0 1 1 4 4 F 
0 0 0 3 7 F 
0 0 0 4 8 M 
0 0 0 8 4 F 
0 0 0 3 7 M 
0 0 1 4 7 F 
0 0 0 5 4 C 
0 0 0 6 9 C 
0 0 0 4 4 F 
0 0 0 3 10 F 
0 1 1 4 1 C 
0 0 0 3 2 F 
0 0 0 4 9 C 
0 0 0 6 8 M 
0 0 0 4 3 C 
0 0 0 4 2 C 
0 1 1 3 4 M 
0 0 0 2 14 M 
0 0 0 5 3 C 
0 0 1 4 1 F 
0 0 0 4 6 F 
0 0 0 4 1 M 
0 0 0 3 12 F 
0 0 0 5 4 M 
0 0 0 4 8 F 
0 0 0 5 8 C 
0 0 1 3 1 M 
1 1 1 3 7 C 
0 0 0 4 10 M 
0 0 0 4 10 F 
1 1 1 3 6 F 
0 0 0 3 1 M 
0 0 0 5 4 C 
0 0 0 5 10 M 
0 0 0 2 9 M 
0 1 1 3 2 F 
0 0 0 4 7 M 
0 0 0 5 1 C 
0 0 0 4 5 F 
0 0 0 4 2 M 
0 0 0 3 3 C 
0 1 1 4 5 M 
0 0 0 3 3 F 
0 0 0 4 10 M 
0 0 0 3 5 M 
0 0 0 2 4 M 
0 0 0 4 4 M 
0 0 0 4 9 F 
0 0 0 3 9 F 
0 0 0 3 11 C 
0 0 0 4 7 C 
0 0 0 4 3 F 
0 0 0 4 2 C 
0 0 0 2 12 M 
0 0 0 3 4 C 
0 0 0 4 7 F 
0 0 0 3 12 F 
0 0 0 4 4 F 
0 0 0 4 6 F 
0 0 0 4 13 M 
0 0 0 4 10 F 
0 0 0 4 1 M 
0 0 0 4 2 C 
0 0 0 4 7 C 
0 1 1 2 11 M 
0 0 0 2 9 F 
0 0 0 3 3 M 
0 0 0 2 6 M 
0 0 0 4 1 C 
0 0 0 4 13 F 
0 0 0 4 11 C 
0 0 0 4 1 F 
0 0 0 3 3 F 
0 1 1 3 8 C 
0 0 0 5 1 C 
0 1 1 3 3 M 
0 0 0 4 5 F 
0 0 0 3 14 F 
0 0 0 5 10 M 
1 1 1 4 9 M 
0 0 0 7 1 C 
0 0 0 5 8 C 
0 0 1 3 1 M 
0 0 0 4 10 C 
0 0 0 5 4 M 
0 0 0 4 9 C 
0 0 0 4 4 M 
0 0 0 4 2 F 
0 1 1 2 5 C 
0 0 0 2 3 F 
0 0 0 3 2 M 
0 0 0 7 10 F 
0 0 0 3 4 M 
0 0 1 6 9 C 
0 0 0 3 9 F 
0 0 0 3 1 F 
0 1 1 4 5 F 
0 0 0 7 12 F 
0 0 0 3 5 M 
0 0 0 4 4 M 
0 0 0 3 13 M 
0 0 0 6 13 M 
1 1 1 3 5 M 
0 0 0 7 11 F 
0 0 0 3 11 M 
0 0 0 3 1 C 
1 1 1 4 2 C 
0 0 0 4 11 C 
0 0 0 3 9 F 
1 1 1 2 1 F 
0 0 0 4 8 M 
0 0 0 2 13 F 
0 0 0 3 6 F 
0 0 0 4 13 F 
0 0 1 3 8 M 
0 1 1 5 4 F 
0 0 0 4 9 C 
0 0 0 3 12 F 
0 0 0 4 8 M 
0 0 0 3 10 M 
1 1 1 3 1 C 
0 0 0 3 6 M 
0 0 0 2 8 C 
0 0 0 3 12 F 
0 0 0 6 13 M 
0 0 0 2 6 F 
0 0 0 3 6 F 
0 0 0 4 14 F 
0 0 0 4 10 F 
1 1 1 2 8 M 
0 0 0 5 2 M 
0 0 0 3 13 F 
0 0 0 6 5 C 
0 0 0 7 3 C 
0 0 0 2 11 M 
0 1 1 4 6 C 
0 0 0 3 8 F 
0 0 0 4 9 C 
0 0 0 4 11 F 
0 0 0 5 8 M 
0 0 0 5 9 M 
0 1 1 4 4 M 
0 0 0 4 2 M 
0 0 0 4 3 M 
0 0 0 4 3 F 
0 0 0 4 7 F 
0 0 0 3 1 C 
0 0 0 4 2 M 
0 0 0 2 4 M 
0 0 0 3 12 F 
0 0 0 3 11 M 
0 0 0 3 5 M 
0 0 0 3 12 M 
0 0 0 3 4 M 
0 0 0 4 6 C 
0 0 0 2 9 M 
0 1 1 3 4 F 
0 0 0 3 14 C 
0 0 0 4 6 C 
0 0 1 6 9 M 
0 0 0 4 8 C 
0 0 0 3 11 F 
0 0 0 2 5 F 
0 0 0 4 7 C 
0 0 1 3 4 M 
0 0 0 5 6 F 
1 1 1 3 3 M 
0 1 1 3 1 C 
0 0 0 6 8 F 
0 0 0 4 13 C 
0 0 0 3 6 F 
0 0 0 4 6 F 
0 0 0 3 5 M 
0 0 0 3 11 F 
0 0 0 3 11 M 
0 0 0 4 6 C 
0 0 0 3 9 M 
0 0 0 6 10 F 
0 0 0 3 11 M 
0 0 0 2 3 F 
0 0 0 2 7 F 
1 1 1 4 9 F 
0 0 0 3 3 F 
0 0 1 4 7 M 
0 0 0 3 3 M 
0 0 0 6 13 M 
0 0 0 3 7 F 
0 0 0 4 5 C 
1 1 1 4 9 M 
0 0 0 5 3 C 
0 1 1 3 9 F 
0 0 0 4 3 M 
0 0 0 4 14 M 
0 0 0 4 10 F 
0 0 0 4 11 M 
0 0 0 2 3 F 
1 1 1 4 2 C 
0 0 0 4 2 C 
0 0 0 2 11 M 
0 0 0 4 7 M 
0 0 0 3 4 F 
0 0 0 4 5 M 
0 0 1 4 7 M 
0 0 0 5 9 F 
0 0 0 4 3 F 
1 1 1 3 3 C 
0 1 1 3 10 F 
0 0 0 3 6 M 
0 0 0 5 12 C 
0 0 0 4 6 F 
0 0 0 3 14 F 
0 0 0 3 1 F 
1 1 1 2 4 M 
0 0 0 3 1 M 
0 0 0 3 10 M 
0 0 0 3 12 M 
0 0 0 4 8 M 
0 0 0 5 2 F 
0 0 0 4 5 F 
0 0 0 7 6 C 
0 1 1 3 2 M 
1 1 1 3 1 C 
0 0 0 5 6 M 
0 0 0 4 7 M 
0 0 0 3 6 F 
0 0 0 6 7 M 
0 0 0 4 4 F 
0 0 0 3 7 M 
0 0 0 2 14 F 
0 0 0 3 11 M 
0 0 1 5 5 C 
0 0 0 3 3 F 
0 0 1 4 7 F 
0 0 0 3 10 M 
0 0 1 2 10 M 
0 0 0 3 8 F 
0 0 0 3 4 F 
0 0 0 3 6 F 
0 0 0 4 12 C 
0 0 0 3 7 F 
0 0 0 4 7 M 
0 0 0 3 1 C 
0 0 0 3 1 F 
0 0 0 4 8 F 
0 0 0 2 8 M 
0 0 0 4 5 C 
0 0 0 4 5 C 
0 0 0 4 11 M 
0 0 0 4 9 C 
1 1 1 4 4 M 
0 0 0 5 11 M 
0 0 0 4 2 C 
0 0 0 4 13 C 
0 0 0 3 8 F 
0 0 0 5 13 C 
0 0 0 3 7 F 
0 0 0 4 7 C 
0 0 0 3 12 F 
0 0 0 7 1 M 
0 0 0 3 2 F 
0 0 1 2 7 M 
0 0 0 3 7 M 
0 0 0 6 12 M 
0 0 0 4 11 F 
0 1 1 6 12 M 
0 0 0 2 1 M 
0 0 0 5 10 M 
0 0 1 5 4 M 
0 0 0 2 9 F 
0 0 1 3 8 F 
0 0 0 2 12 M 
0 0 0 4 1 F 
0 0 0 3 1 F 
0 0 1 4 1 C 
0 0 0 3 9 F 
0 0 0 5 8 M 
0 0 1 4 8 C 
0 0 1 4 3 C 
0 0 1 3 3 F 
0 0 0 5 10 M 
1 1 1 3 10 C 
0 0 0 2 11 M 
0 0 0 4 1 C 
0 0 0 3 5 F 
0 0 0 3 3 C 
0 0 0 3 3 C 
0 0 0 4 2 M 
0 0 0 5 13 C 
0 0 0 5 11 F 
1 1 1 4 6 C 
0 0 0 4 8 C 
0 0 0 4 8 F 
0 0 0 4 1 M 
0 0 0 3 3 M 
0 0 0 5 8 M 
0 1 1 4 7 M 
0 0 0 4 9 C 
0 0 0 4 5 F 
0 0 0 4 8 M 
0 0 0 4 5 M 
0 0 0 5 11 F 
0 0 0 2 12 F 
0 0 0 3 3 M 
0 1 1 3 9 F 
0 0 0 3 11 F 
0 0 0 3 11 F 
0 0 1 4 1 M 
1 1 1 3 6 M 
0 0 0 4 1 M 
0 0 0 3 10 M 
0 1 1 3 9 F 
0 0 0 3 6 F 
1 1 1 3 9 M 
0 0 0 3 5 C 
0 1 1 2 5 F 
0 0 0 3 3 F 
0 0 0 6 5 F 
0 0 0 4 9 F 
0 0 0 3 4 M 
0 0 0 4 8 C 
0 0 0 4 8 M 
0 0 0 4 3 C 
0 1 1 4 2 F 
0 0 0 4 4 M 
0 0 0 4 10 F 
0 0 0 4 5 M 
1 1 1 3 11 C 
0 0 0 2 12 M 
0 0 0 3 4 M 
0 0 1 3 9 F 
0 0 0 6 13 M 
0 0 1 4 8 M 
0 0 0 4 3 F 
0 0 1 3 1 F 
0 0 0 4 3 M 
0 0 0 3 2 M 
1 1 1 4 4 M 
0 0 0 3 3 M 
0 0 0 3 8 M 
0 0 0 3 10 F 
0 0 0 5 9 C 
0 0 0 4 13 M 
0 0 0 5 3 M 
0 0 0 4 2 C 
0 0 0 5 10 C 
0 0 0 4 9 C 
0 0 0 3 4 F 
0 1 1 6 2 M 
0 0 0 3 6 F 
0 0 0 3 9 F 
0 0 0 3 6 F 
0 0 0 3 6 F 
0 0 0 3 8 F 
0 1 1 3 11 F 
0 0 0 3 10 M 
0 0 0 3 8 F 
0 1 1 4 8 F 
0 0 0 4 5 M 
1 1 1 4 11 F 
0 0 0 4 1 C 
0 0 0 8 2 C 
0 0 0 3 9 F 
0 0 0 2 1 M 
0 1 1 2 11 M 
0 0 1 2 11 F 
0 0 0 4 7 M 
0 0 0 4 6 M 
0 0 0 5 2 C 
0 0 0 3 13 M 
0 1 1 3 6 M 
1 1 1 3 8 M 
1 1 1 4 3 C 
0 0 0 3 13 F 
0 0 0 3 1 M 
0 0 0 5 4 F 
0 0 0 3 6 F 
0 1 1 3 4 F 
0 0 0 3 6 M 
0 0 0 4 8 M 
0 0 0 5 5 C 
0 1 1 4 7 F 
0 0 0 2 2 F 
0 0 1 4 4 F 
0 0 0 4 3 M 
0 1 1 3 10 C 
0 0 0 3 7 M 
0 0 0 3 13 M 
0 0 0 3 4 F 
0 0 0 5 1 M 
0 1 1 2 8 M 
0 0 0 3 2 M 
0 0 0 3 3 F 
0 0 0 3 14 F 
0 0 0 3 8 M 
0 0 1 5 4 F 
0 0 1 2 5 M 
0 0 0 5 5 M 
0 0 0 2 10 F 
1 1 1 3 1 C 
0 0 0 2 7 F 
0 0 0 5 4 M 
0 0 0 5 2 M 
0 0 1 3 14 C 
1 1 1 3 9 M 
0 1 1 2 7 M 
0 0 1 3 4 M 
0 0 0 3 9 F 
0 0 0 5 1 F 
0 1 1 3 11 M 
0 0 0 3 5 F 
0 0 1 3 6 M 
0 0 0 3 7 M 
0 0 0 3 5 C 
1 1 1 3 12 M 
0 0 0 2 6 M 
0 0 0 4 13 F 
0 0 1 3 4 F 
0 0 0 4 5 C 
0 0 0 5 9 C 
0 0 0 5 3 M 
0 0 0 3 11 M 
0 0 0 5 10 C 
0 0 0 3 8 F 
0 0 0 3 4 M 
0 0 0 6 12 F 
0 1 1 3 11 F 
0 0 0 4 3 M 
0 0 0 3 2 F 
0 1 1 2 2 F 
0 0 0 4 6 M 
0 0 0 3 9 F 
1 1 1 4 6 F 
